"","replicate","diff_perm","diff_orig"
"1",1,-0.00288614131379772,-0.00782872298828052
"2",2,-0.00288614131379772,-0.00782872298828052
"3",3,0.0065871402289609,-0.00782872298828052
"4",4,0.00411584939171949,-0.00782872298828052
"5",5,0.00493961300413315,-0.00782872298828052
"6",6,0.00452773119792638,-0.00782872298828052
"7",7,-0.0111237774379357,-0.00782872298828052
"8",8,-0.0185376499496598,-0.00782872298828052
"9",9,-0.00206237770138396,-0.00782872298828052
"10",10,-0.0115356592441426,-0.00782872298828052
"11",11,-0.0103000138255219,-0.00782872298828052
"12",12,0.00164455855447809,-0.00782872298828052
"13",13,-0.00865248660069429,-0.00782872298828052
"14",14,0.00205644036068497,-0.00782872298828052
"15",15,0.00246832216689186,-0.00782872298828052
"16",16,-0.000826732282763309,-0.00782872298828052
"17",17,-0.00247425950759095,-0.00782872298828052
"18",18,0.014001012740685,-0.00782872298828052
"19",19,0.00452773119792638,-0.00782872298828052
"20",20,-0.00412178673241848,-0.00782872298828052
"21",21,-0.00288614131379772,-0.00782872298828052
"22",22,0.0115297219034436,-0.00782872298828052
"23",23,0.00205644036068497,-0.00782872298828052
"24",24,0.00823466745378842,-0.00782872298828052
"25",25,0.0185317126089608,-0.00782872298828052
"26",26,-0.000414850476556428,-0.00782872298828052
"27",27,0.0144128945468918,-0.00782872298828052
"28",28,0.00164455855447809,-0.00782872298828052
"29",29,-0.00206237770138396,-0.00782872298828052
"30",30,0.0119416037096505,-0.00782872298828052
"31",31,-0.006181195763453,-0.00782872298828052
"32",32,0.0197673580275816,-0.00782872298828052
"33",33,0.000408913135857447,-0.00782872298828052
"34",34,0.0222386488648229,-0.00782872298828052
"35",35,0.021826767058616,-0.00782872298828052
"36",36,-0.00494555034483224,-0.00782872298828052
"37",37,-0.006181195763453,-0.00782872298828052
"38",38,-0.00988813201931504,-0.00782872298828052
"39",39,0.0197673580275816,-0.00782872298828052
"40",40,-0.0107118956317288,-0.00782872298828052
"41",41,-0.0119475410503496,-0.00782872298828052
"42",42,-0.000414850476556428,-0.00782872298828052
"43",43,-0.006181195763453,-0.00782872298828052
"44",44,-0.0144188318875909,-0.00782872298828052
"45",45,0.0086465492599952,-0.00782872298828052
"46",46,0.014001012740685,-0.00782872298828052
"47",47,0.00246832216689186,-0.00782872298828052
"48",48,-0.00206237770138396,-0.00782872298828052
"49",49,-0.0032980231200046,-0.00782872298828052
"50",50,-0.00412178673241848,-0.00782872298828052
"51",51,-0.00453366853862547,-0.00782872298828052
"52",52,-0.00206237770138396,-0.00782872298828052
"53",53,-0.000414850476556428,-0.00782872298828052
"54",54,0.00288020397309874,-0.00782872298828052
"55",55,-0.0119475410503496,-0.00782872298828052
"56",56,0.00535149481034014,-0.00782872298828052
"57",57,0.00452773119792638,-0.00782872298828052
"58",58,-2.96867034954573e-06,-0.00782872298828052
"59",59,-0.0107118956317288,-0.00782872298828052
"60",60,-0.0193614135620737,-0.00782872298828052
"61",61,-0.00206237770138396,-0.00782872298828052
"62",62,0.0107059582910297,-0.00782872298828052
"63",63,0.00205644036068497,-0.00782872298828052
"64",64,0.00905843106620219,-0.00782872298828052
"65",65,0.00288020397309874,-0.00782872298828052
"66",66,0.000408913135857447,-0.00782872298828052
"67",67,0.000408913135857447,-0.00782872298828052
"68",68,0.00205644036068497,-0.00782872298828052
"69",69,-0.00576931395724611,-0.00782872298828052
"70",70,0.00329208577930562,-0.00782872298828052
"71",71,0.00699902203516767,-0.00782872298828052
"72",72,-0.00659307756965988,-0.00782872298828052
"73",73,0.0205911216399952,-0.00782872298828052
"74",74,0.00493961300413315,-0.00782872298828052
"75",75,-0.0234802316241426,-0.00782872298828052
"76",76,0.00947031287240907,-0.00782872298828052
"77",77,0.00947031287240907,-0.00782872298828052
"78",78,-0.0111237774379357,-0.00782872298828052
"79",79,-0.00576931395724611,-0.00782872298828052
"80",80,-0.0300703405234529,-0.00782872298828052
"81",81,0.00329208577930562,-0.00782872298828052
"82",82,-0.006181195763453,-0.00782872298828052
"83",83,-0.00370990492621159,-0.00782872298828052
"84",84,0.0131772491282711,-0.00782872298828052
"85",85,0.0061752584227539,-0.00782872298828052
"86",86,-0.00659307756965988,-0.00782872298828052
"87",87,-0.00782872298828052,-0.00782872298828052
"88",88,-0.0185376499496598,-0.00782872298828052
"89",89,0.00411584939171949,-0.00782872298828052
"90",90,0.00823466745378842,-0.00782872298828052
"91",91,0.00699902203516767,-0.00782872298828052
"92",92,-0.00535743215103912,-0.00782872298828052
"93",93,-0.00123861408897019,-0.00782872298828052
"94",94,0.000820794942064329,-0.00782872298828052
"95",95,-0.0148307136937977,-0.00782872298828052
"96",96,-0.00988813201931504,-0.00782872298828052
"97",97,-0.0127713046627632,-0.00782872298828052
"98",98,-0.0168901227248323,-0.00782872298828052
"99",99,-0.00700495937586676,-0.00782872298828052
"100",100,-0.0135950682751771,-0.00782872298828052
"101",101,0.00411584939171949,-0.00782872298828052
"102",102,-0.00206237770138396,-0.00782872298828052
"103",103,-0.00412178673241848,-0.00782872298828052
"104",104,-0.0032980231200046,-0.00782872298828052
"105",105,-0.0173020045310391,-0.00782872298828052
"106",106,-0.0032980231200046,-0.00782872298828052
"107",107,0.000820794942064329,-0.00782872298828052
"108",108,0.00493961300413315,-0.00782872298828052
"109",109,0.0086465492599952,-0.00782872298828052
"110",110,0.0259455851206849,-0.00782872298828052
"111",111,-0.00782872298828052,-0.00782872298828052
"112",112,-0.0135950682751771,-0.00782872298828052
"113",113,-0.00494555034483224,-0.00782872298828052
"114",114,0.00246832216689186,-0.00782872298828052
"115",115,-0.00288614131379772,-0.00782872298828052
"116",116,-0.00659307756965988,-0.00782872298828052
"117",117,0.00452773119792638,-0.00782872298828052
"118",118,-0.00947625021310816,-0.00782872298828052
"119",119,0.00452773119792638,-0.00782872298828052
"120",120,-0.00824060479448752,-0.00782872298828052
"121",121,-0.00165049589517707,-0.00782872298828052
"122",122,0.0107059582910297,-0.00782872298828052
"123",123,-0.006181195763453,-0.00782872298828052
"124",124,0.000408913135857447,-0.00782872298828052
"125",125,0.0111178400972367,-0.00782872298828052
"126",126,0.0111178400972367,-0.00782872298828052
"127",127,0.00741090384137455,-0.00782872298828052
"128",128,-0.0181257681434529,-0.00782872298828052
"129",129,0.0119416037096505,-0.00782872298828052
"130",130,0.0152366581593056,-0.00782872298828052
"131",131,-0.00288614131379772,-0.00782872298828052
"132",132,0.021826767058616,-0.00782872298828052
"133",133,0.00576337661654702,-0.00782872298828052
"134",134,-0.0131831864689702,-0.00782872298828052
"135",135,-0.00247425950759095,-0.00782872298828052
"136",136,-0.000414850476556428,-0.00782872298828052
"137",137,0.00493961300413315,-0.00782872298828052
"138",138,-0.00288614131379772,-0.00782872298828052
"139",139,0.00823466745378842,-0.00782872298828052
"140",140,-0.00988813201931504,-0.00782872298828052
"141",141,0.00205644036068497,-0.00782872298828052
"142",142,0.0172960671903402,-0.00782872298828052
"143",143,0.0102940764848229,-0.00782872298828052
"144",144,-0.00370990492621159,-0.00782872298828052
"145",145,0.00288020397309874,-0.00782872298828052
"146",146,-0.00206237770138396,-0.00782872298828052
"147",147,0.000408913135857447,-0.00782872298828052
"148",148,-0.0032980231200046,-0.00782872298828052
"149",149,0.00246832216689186,-0.00782872298828052
"150",150,-0.00412178673241848,-0.00782872298828052
"151",151,-0.0131831864689702,-0.00782872298828052
"152",152,0.0185317126089608,-0.00782872298828052
"153",153,-2.96867034954573e-06,-0.00782872298828052
"154",154,0.00905843106620219,-0.00782872298828052
"155",155,0.0107059582910297,-0.00782872298828052
"156",156,-0.00576931395724611,-0.00782872298828052
"157",157,-0.00370990492621159,-0.00782872298828052
"158",158,-0.0032980231200046,-0.00782872298828052
"159",159,-0.00206237770138396,-0.00782872298828052
"160",160,0.0065871402289609,-0.00782872298828052
"161",161,-0.0115356592441426,-0.00782872298828052
"162",162,-0.00123861408897019,-0.00782872298828052
"163",163,-0.00576931395724611,-0.00782872298828052
"164",164,0.00205644036068497,-0.00782872298828052
"165",165,0.000408913135857447,-0.00782872298828052
"166",166,-0.00370990492621159,-0.00782872298828052
"167",167,-0.00247425950759095,-0.00782872298828052
"168",168,-0.00865248660069429,-0.00782872298828052
"169",169,0.0115297219034436,-0.00782872298828052
"170",170,-0.000414850476556428,-0.00782872298828052
"171",171,-0.006181195763453,-0.00782872298828052
"172",172,0.00741090384137455,-0.00782872298828052
"173",173,-0.00288614131379772,-0.00782872298828052
"174",174,-0.0107118956317288,-0.00782872298828052
"175",175,0.0102940764848229,-0.00782872298828052
"176",176,-0.0119475410503496,-0.00782872298828052
"177",177,-0.00165049589517707,-0.00782872298828052
"178",178,-0.00659307756965988,-0.00782872298828052
"179",179,0.0152366581593056,-0.00782872298828052
"180",180,0.00411584939171949,-0.00782872298828052
"181",181,-0.0119475410503496,-0.00782872298828052
"182",182,0.00535149481034014,-0.00782872298828052
"183",183,-0.0156544773062116,-0.00782872298828052
"184",184,0.014001012740685,-0.00782872298828052
"185",185,-0.0111237774379357,-0.00782872298828052
"186",186,-0.00659307756965988,-0.00782872298828052
"187",187,0.00576337661654702,-0.00782872298828052
"188",188,0.00699902203516767,-0.00782872298828052
"189",189,-0.00988813201931504,-0.00782872298828052
"190",190,-0.00988813201931504,-0.00782872298828052
"191",191,-0.00782872298828052,-0.00782872298828052
"192",192,-0.00453366853862547,-0.00782872298828052
"193",193,0.0242980578958574,-0.00782872298828052
"194",194,-0.0201851771744874,-0.00782872298828052
"195",195,-0.00782872298828052,-0.00782872298828052
"196",196,-0.0123594228565563,-0.00782872298828052
"197",197,-0.00412178673241848,-0.00782872298828052
"198",198,-0.00370990492621159,-0.00782872298828052
"199",199,-0.0111237774379357,-0.00782872298828052
"200",200,-0.000414850476556428,-0.00782872298828052
"201",201,0.00329208577930562,-0.00782872298828052
"202",202,0.00205644036068497,-0.00782872298828052
"203",203,0.00741090384137455,-0.00782872298828052
"204",204,-0.000826732282763309,-0.00782872298828052
"205",205,0.00246832216689186,-0.00782872298828052
"206",206,-0.00288614131379772,-0.00782872298828052
"207",207,0.000820794942064329,-0.00782872298828052
"208",208,0.0230624124772367,-0.00782872298828052
"209",209,0.00823466745378842,-0.00782872298828052
"210",210,0.000408913135857447,-0.00782872298828052
"211",211,-0.00165049589517707,-0.00782872298828052
"212",212,-0.0032980231200046,-0.00782872298828052
"213",213,0.00288020397309874,-0.00782872298828052
"214",214,-0.00782872298828052,-0.00782872298828052
"215",215,-0.00206237770138396,-0.00782872298828052
"216",216,0.0119416037096505,-0.00782872298828052
"217",217,-0.00700495937586676,-0.00782872298828052
"218",218,-0.00947625021310816,-0.00782872298828052
"219",219,-0.006181195763453,-0.00782872298828052
"220",220,0.00452773119792638,-0.00782872298828052
"221",221,0.00988219467861606,-0.00782872298828052
"222",222,-0.00535743215103912,-0.00782872298828052
"223",223,0.0222386488648229,-0.00782872298828052
"224",224,-0.000414850476556428,-0.00782872298828052
"225",225,-0.00247425950759095,-0.00782872298828052
"226",226,0.00905843106620219,-0.00782872298828052
"227",227,0.00947031287240907,-0.00782872298828052
"228",228,-0.0185376499496598,-0.00782872298828052
"229",229,-0.00412178673241848,-0.00782872298828052
"230",230,0.0102940764848229,-0.00782872298828052
"231",231,0.00782278564758154,-0.00782872298828052
"232",232,-0.00453366853862547,-0.00782872298828052
"233",233,0.000820794942064329,-0.00782872298828052
"234",234,0.0115297219034436,-0.00782872298828052
"235",235,-0.0251277588489702,-0.00782872298828052
"236",236,-0.00700495937586676,-0.00782872298828052
"237",237,-0.00782872298828052,-0.00782872298828052
"238",238,0.0065871402289609,-0.00782872298828052
"239",239,0.00988219467861606,-0.00782872298828052
"240",240,0.0107059582910297,-0.00782872298828052
"241",241,0.0115297219034436,-0.00782872298828052
"242",242,-0.00576931395724611,-0.00782872298828052
"243",243,-0.00206237770138396,-0.00782872298828052
"244",244,-0.00576931395724611,-0.00782872298828052
"245",245,-0.00206237770138396,-0.00782872298828052
"246",246,-0.000414850476556428,-0.00782872298828052
"247",247,0.000820794942064329,-0.00782872298828052
"248",248,0.00164455855447809,-0.00782872298828052
"249",249,0.00164455855447809,-0.00782872298828052
"250",250,0.0037039675855125,-0.00782872298828052
"251",251,-0.0156544773062116,-0.00782872298828052
"252",252,0.0144128945468918,-0.00782872298828052
"253",253,-0.006181195763453,-0.00782872298828052
"254",254,0.00329208577930562,-0.00782872298828052
"255",255,-0.0131831864689702,-0.00782872298828052
"256",256,0.00329208577930562,-0.00782872298828052
"257",257,-0.00206237770138396,-0.00782872298828052
"258",258,-0.00206237770138396,-0.00782872298828052
"259",259,-0.00123861408897019,-0.00782872298828052
"260",260,-0.00865248660069429,-0.00782872298828052
"261",261,0.00246832216689186,-0.00782872298828052
"262",262,0.00947031287240907,-0.00782872298828052
"263",263,-0.00494555034483224,-0.00782872298828052
"264",264,-0.000826732282763309,-0.00782872298828052
"265",265,0.00782278564758154,-0.00782872298828052
"266",266,-0.00700495937586676,-0.00782872298828052
"267",267,-0.00741684118207364,-0.00782872298828052
"268",268,-0.00206237770138396,-0.00782872298828052
"269",269,0.00205644036068497,-0.00782872298828052
"270",270,0.00164455855447809,-0.00782872298828052
"271",271,0.0065871402289609,-0.00782872298828052
"272",272,0.0012326767482711,-0.00782872298828052
"273",273,-0.000826732282763309,-0.00782872298828052
"274",274,-0.00988813201931504,-0.00782872298828052
"275",275,0.00493961300413315,-0.00782872298828052
"276",276,0.00288020397309874,-0.00782872298828052
"277",277,-0.00782872298828052,-0.00782872298828052
"278",278,0.0037039675855125,-0.00782872298828052
"279",279,0.0012326767482711,-0.00782872298828052
"280",280,-0.000826732282763309,-0.00782872298828052
"281",281,-0.00288614131379772,-0.00782872298828052
"282",282,0.00205644036068497,-0.00782872298828052
"283",283,-0.00206237770138396,-0.00782872298828052
"284",284,-0.00370990492621159,-0.00782872298828052
"285",285,0.0111178400972367,-0.00782872298828052
"286",286,-0.00947625021310816,-0.00782872298828052
"287",287,0.0148247763530988,-0.00782872298828052
"288",288,-0.0032980231200046,-0.00782872298828052
"289",289,-0.0197732953682805,-0.00782872298828052
"290",290,0.000408913135857447,-0.00782872298828052
"291",291,-0.00947625021310816,-0.00782872298828052
"292",292,-0.00700495937586676,-0.00782872298828052
"293",293,-0.0032980231200046,-0.00782872298828052
"294",294,-0.00453366853862547,-0.00782872298828052
"295",295,0.0156485399655125,-0.00782872298828052
"296",296,0.0135891309344781,-0.00782872298828052
"297",297,0.00288020397309874,-0.00782872298828052
"298",298,0.0189435944151677,-0.00782872298828052
"299",299,-0.00288614131379772,-0.00782872298828052
"300",300,-0.00741684118207364,-0.00782872298828052
"301",301,0.0107059582910297,-0.00782872298828052
"302",302,0.00329208577930562,-0.00782872298828052
"303",303,-0.000414850476556428,-0.00782872298828052
"304",304,-0.006181195763453,-0.00782872298828052
"305",305,-0.0127713046627632,-0.00782872298828052
"306",306,-0.0111237774379357,-0.00782872298828052
"307",307,-0.000414850476556428,-0.00782872298828052
"308",308,0.00452773119792638,-0.00782872298828052
"309",309,-0.0123594228565563,-0.00782872298828052
"310",310,-0.0156544773062116,-0.00782872298828052
"311",311,0.00205644036068497,-0.00782872298828052
"312",312,0.0012326767482711,-0.00782872298828052
"313",313,-0.0103000138255219,-0.00782872298828052
"314",314,-0.00288614131379772,-0.00782872298828052
"315",315,0.00741090384137455,-0.00782872298828052
"316",316,0.0111178400972367,-0.00782872298828052
"317",317,0.0201792398337883,-0.00782872298828052
"318",318,0.00411584939171949,-0.00782872298828052
"319",319,-0.00700495937586676,-0.00782872298828052
"320",320,-0.00288614131379772,-0.00782872298828052
"321",321,0.0119416037096505,-0.00782872298828052
"322",322,-0.00412178673241848,-0.00782872298828052
"323",323,0.00288020397309874,-0.00782872298828052
"324",324,-0.00206237770138396,-0.00782872298828052
"325",325,0.0127653673220642,-0.00782872298828052
"326",326,-0.00123861408897019,-0.00782872298828052
"327",327,0.0222386488648229,-0.00782872298828052
"328",328,0.00452773119792638,-0.00782872298828052
"329",329,0.0131772491282711,-0.00782872298828052
"330",330,0.00493961300413315,-0.00782872298828052
"331",331,0.000408913135857447,-0.00782872298828052
"332",332,0.0107059582910297,-0.00782872298828052
"333",333,-0.0103000138255219,-0.00782872298828052
"334",334,0.0185317126089608,-0.00782872298828052
"335",335,0.0148247763530988,-0.00782872298828052
"336",336,0.00823466745378842,-0.00782872298828052
"337",337,-0.014006950081384,-0.00782872298828052
"338",338,0.0012326767482711,-0.00782872298828052
"339",339,0.00452773119792638,-0.00782872298828052
"340",340,0.000408913135857447,-0.00782872298828052
"341",341,-0.0135950682751771,-0.00782872298828052
"342",342,-0.00370990492621159,-0.00782872298828052
"343",343,0.00823466745378842,-0.00782872298828052
"344",344,0.00164455855447809,-0.00782872298828052
"345",345,-0.0267752860737978,-0.00782872298828052
"346",346,-0.00453366853862547,-0.00782872298828052
"347",347,-0.00370990492621159,-0.00782872298828052
"348",348,-0.00782872298828052,-0.00782872298828052
"349",349,0.000408913135857447,-0.00782872298828052
"350",350,-0.0164782409186253,-0.00782872298828052
"351",351,0.0205911216399952,-0.00782872298828052
"352",352,0.00988219467861606,-0.00782872298828052
"353",353,-0.00247425950759095,-0.00782872298828052
"354",354,0.00411584939171949,-0.00782872298828052
"355",355,0.00741090384137455,-0.00782872298828052
"356",356,-0.00123861408897019,-0.00782872298828052
"357",357,-0.00576931395724611,-0.00782872298828052
"358",358,0.014001012740685,-0.00782872298828052
"359",359,-0.00206237770138396,-0.00782872298828052
"360",360,0.00205644036068497,-0.00782872298828052
"361",361,0.0164723035779263,-0.00782872298828052
"362",362,-0.00206237770138396,-0.00782872298828052
"363",363,-0.00370990492621159,-0.00782872298828052
"364",364,-0.00906436840690117,-0.00782872298828052
"365",365,0.00741090384137455,-0.00782872298828052
"366",366,-0.00659307756965988,-0.00782872298828052
"367",367,-0.00906436840690117,-0.00782872298828052
"368",368,0.0115297219034436,-0.00782872298828052
"369",369,-0.00865248660069429,-0.00782872298828052
"370",370,-0.0189495317558668,-0.00782872298828052
"371",371,0.00493961300413315,-0.00782872298828052
"372",372,0.0164723035779263,-0.00782872298828052
"373",373,0.00947031287240907,-0.00782872298828052
"374",374,-0.0173020045310391,-0.00782872298828052
"375",375,0.0065871402289609,-0.00782872298828052
"376",376,0.0037039675855125,-0.00782872298828052
"377",377,-0.000826732282763309,-0.00782872298828052
"378",378,0.0259455851206849,-0.00782872298828052
"379",379,0.00164455855447809,-0.00782872298828052
"380",380,-0.0177138863372461,-0.00782872298828052
"381",381,-0.0103000138255219,-0.00782872298828052
"382",382,0.0037039675855125,-0.00782872298828052
"383",383,0.0201792398337883,-0.00782872298828052
"384",384,-0.0205970589806943,-0.00782872298828052
"385",385,0.014001012740685,-0.00782872298828052
"386",386,-0.00947625021310816,-0.00782872298828052
"387",387,-0.00165049589517707,-0.00782872298828052
"388",388,0.00905843106620219,-0.00782872298828052
"389",389,-0.00865248660069429,-0.00782872298828052
"390",390,0.0172960671903402,-0.00782872298828052
"391",391,0.00205644036068497,-0.00782872298828052
"392",392,-0.00412178673241848,-0.00782872298828052
"393",393,0.00329208577930562,-0.00782872298828052
"394",394,0.0181198308027538,-0.00782872298828052
"395",395,-0.0111237774379357,-0.00782872298828052
"396",396,-0.0164782409186253,-0.00782872298828052
"397",397,-0.0032980231200046,-0.00782872298828052
"398",398,-0.014006950081384,-0.00782872298828052
"399",399,0.00288020397309874,-0.00782872298828052
"400",400,0.00699902203516767,-0.00782872298828052
"401",401,0.000820794942064329,-0.00782872298828052
"402",402,0.0065871402289609,-0.00782872298828052
"403",403,-0.00906436840690117,-0.00782872298828052
"404",404,-0.00206237770138396,-0.00782872298828052
"405",405,-0.00535743215103912,-0.00782872298828052
"406",406,-0.0226564680117288,-0.00782872298828052
"407",407,-0.00824060479448752,-0.00782872298828052
"408",408,0.0107059582910297,-0.00782872298828052
"409",409,-0.000826732282763309,-0.00782872298828052
"410",410,-0.000414850476556428,-0.00782872298828052
"411",411,0.0037039675855125,-0.00782872298828052
"412",412,0.0061752584227539,-0.00782872298828052
"413",413,0.00288020397309874,-0.00782872298828052
"414",414,-0.006181195763453,-0.00782872298828052
"415",415,-0.0259515224613839,-0.00782872298828052
"416",416,0.0115297219034436,-0.00782872298828052
"417",417,-0.00247425950759095,-0.00782872298828052
"418",418,0.00823466745378842,-0.00782872298828052
"419",419,-0.021832704399315,-0.00782872298828052
"420",420,0.00164455855447809,-0.00782872298828052
"421",421,-0.0275990496862115,-0.00782872298828052
"422",422,-0.00782872298828052,-0.00782872298828052
"423",423,-0.00412178673241848,-0.00782872298828052
"424",424,-0.00535743215103912,-0.00782872298828052
"425",425,-0.00947625021310816,-0.00782872298828052
"426",426,-0.00206237770138396,-0.00782872298828052
"427",427,0.00288020397309874,-0.00782872298828052
"428",428,-0.00576931395724611,-0.00782872298828052
"429",429,-0.00123861408897019,-0.00782872298828052
"430",430,-0.00535743215103912,-0.00782872298828052
"431",431,0.0362426302758574,-0.00782872298828052
"432",432,0.017707948996547,-0.00782872298828052
"433",433,-0.00123861408897019,-0.00782872298828052
"434",434,0.0107059582910297,-0.00782872298828052
"435",435,0.0230624124772367,-0.00782872298828052
"436",436,0.0119416037096505,-0.00782872298828052
"437",437,-0.00947625021310816,-0.00782872298828052
"438",438,0.00782278564758154,-0.00782872298828052
"439",439,-0.00906436840690117,-0.00782872298828052
"440",440,0.0061752584227539,-0.00782872298828052
"441",441,0.0065871402289609,-0.00782872298828052
"442",442,-0.000414850476556428,-0.00782872298828052
"443",443,-0.000414850476556428,-0.00782872298828052
"444",444,-0.000414850476556428,-0.00782872298828052
"445",445,0.0107059582910297,-0.00782872298828052
"446",446,0.0065871402289609,-0.00782872298828052
"447",447,0.00782278564758154,-0.00782872298828052
"448",448,-0.00165049589517707,-0.00782872298828052
"449",449,0.000408913135857447,-0.00782872298828052
"450",450,-0.00206237770138396,-0.00782872298828052
"451",451,-0.00165049589517707,-0.00782872298828052
"452",452,-0.00535743215103912,-0.00782872298828052
"453",453,0.0086465492599952,-0.00782872298828052
"454",454,0.00329208577930562,-0.00782872298828052
"455",455,0.00452773119792638,-0.00782872298828052
"456",456,-0.0205970589806943,-0.00782872298828052
"457",457,0.0086465492599952,-0.00782872298828052
"458",458,0.000820794942064329,-0.00782872298828052
"459",459,0.00288020397309874,-0.00782872298828052
"460",460,0.0131772491282711,-0.00782872298828052
"461",461,-0.00988813201931504,-0.00782872298828052
"462",462,-0.00370990492621159,-0.00782872298828052
"463",463,-0.00206237770138396,-0.00782872298828052
"464",464,0.0144128945468918,-0.00782872298828052
"465",465,0.00452773119792638,-0.00782872298828052
"466",466,0.00576337661654702,-0.00782872298828052
"467",467,0.00699902203516767,-0.00782872298828052
"468",468,0.00288020397309874,-0.00782872298828052
"469",469,-0.00123861408897019,-0.00782872298828052
"470",470,-0.0119475410503496,-0.00782872298828052
"471",471,0.0111178400972367,-0.00782872298828052
"472",472,-0.000414850476556428,-0.00782872298828052
"473",473,0.0156485399655125,-0.00782872298828052
"474",474,0.00164455855447809,-0.00782872298828052
"475",475,-0.00412178673241848,-0.00782872298828052
"476",476,-0.0131831864689702,-0.00782872298828052
"477",477,-0.00906436840690117,-0.00782872298828052
"478",478,-0.00906436840690117,-0.00782872298828052
"479",479,-0.00165049589517707,-0.00782872298828052
"480",480,-0.0197732953682805,-0.00782872298828052
"481",481,0.00246832216689186,-0.00782872298828052
"482",482,0.00823466745378842,-0.00782872298828052
"483",483,-0.0189495317558668,-0.00782872298828052
"484",484,0.0107059582910297,-0.00782872298828052
"485",485,-0.000826732282763309,-0.00782872298828052
"486",486,0.00164455855447809,-0.00782872298828052
"487",487,-0.00453366853862547,-0.00782872298828052
"488",488,0.00988219467861606,-0.00782872298828052
"489",489,-0.0103000138255219,-0.00782872298828052
"490",490,-0.0115356592441426,-0.00782872298828052
"491",491,0.0065871402289609,-0.00782872298828052
"492",492,0.000408913135857447,-0.00782872298828052
"493",493,0.00205644036068497,-0.00782872298828052
"494",494,-0.000826732282763309,-0.00782872298828052
"495",495,0.00493961300413315,-0.00782872298828052
"496",496,-0.00412178673241848,-0.00782872298828052
"497",497,0.0037039675855125,-0.00782872298828052
"498",498,-0.00659307756965988,-0.00782872298828052
"499",499,-0.0156544773062116,-0.00782872298828052
"500",500,-0.0127713046627632,-0.00782872298828052
"501",501,-0.00741684118207364,-0.00782872298828052
"502",502,0.0037039675855125,-0.00782872298828052
"503",503,-0.0152425955000046,-0.00782872298828052
"504",504,-0.00535743215103912,-0.00782872298828052
"505",505,0.00288020397309874,-0.00782872298828052
"506",506,0.0012326767482711,-0.00782872298828052
"507",507,0.00699902203516767,-0.00782872298828052
"508",508,0.0127653673220642,-0.00782872298828052
"509",509,-2.96867034954573e-06,-0.00782872298828052
"510",510,-0.0131831864689702,-0.00782872298828052
"511",511,-0.00123861408897019,-0.00782872298828052
"512",512,0.00164455855447809,-0.00782872298828052
"513",513,0.0037039675855125,-0.00782872298828052
"514",514,0.0061752584227539,-0.00782872298828052
"515",515,-0.00824060479448752,-0.00782872298828052
"516",516,-0.006181195763453,-0.00782872298828052
"517",517,0.00493961300413315,-0.00782872298828052
"518",518,-0.00782872298828052,-0.00782872298828052
"519",519,0.0012326767482711,-0.00782872298828052
"520",520,-0.00988813201931504,-0.00782872298828052
"521",521,-0.00123861408897019,-0.00782872298828052
"522",522,-0.00412178673241848,-0.00782872298828052
"523",523,0.0102940764848229,-0.00782872298828052
"524",524,-0.00123861408897019,-0.00782872298828052
"525",525,-0.00947625021310816,-0.00782872298828052
"526",526,0.0156485399655125,-0.00782872298828052
"527",527,0.00288020397309874,-0.00782872298828052
"528",528,-0.0144188318875909,-0.00782872298828052
"529",529,0.014001012740685,-0.00782872298828052
"530",530,-0.0111237774379357,-0.00782872298828052
"531",531,-0.00659307756965988,-0.00782872298828052
"532",532,0.00246832216689186,-0.00782872298828052
"533",533,0.000820794942064329,-0.00782872298828052
"534",534,0.00535149481034014,-0.00782872298828052
"535",535,-0.00947625021310816,-0.00782872298828052
"536",536,0.00576337661654702,-0.00782872298828052
"537",537,-0.0119475410503496,-0.00782872298828052
"538",538,0.00782278564758154,-0.00782872298828052
"539",539,0.000820794942064329,-0.00782872298828052
"540",540,0.00988219467861606,-0.00782872298828052
"541",541,-0.0131831864689702,-0.00782872298828052
"542",542,0.000408913135857447,-0.00782872298828052
"543",543,0.0127653673220642,-0.00782872298828052
"544",544,-0.0103000138255219,-0.00782872298828052
"545",545,-2.96867034954573e-06,-0.00782872298828052
"546",546,-0.00824060479448752,-0.00782872298828052
"547",547,-0.0115356592441426,-0.00782872298828052
"548",548,-0.0111237774379357,-0.00782872298828052
"549",549,0.0065871402289609,-0.00782872298828052
"550",550,0.00288020397309874,-0.00782872298828052
"551",551,-0.00782872298828052,-0.00782872298828052
"552",552,-0.00370990492621159,-0.00782872298828052
"553",553,0.0164723035779263,-0.00782872298828052
"554",554,0.00246832216689186,-0.00782872298828052
"555",555,0.00823466745378842,-0.00782872298828052
"556",556,-0.00494555034483224,-0.00782872298828052
"557",557,0.0086465492599952,-0.00782872298828052
"558",558,-0.00988813201931504,-0.00782872298828052
"559",559,0.00493961300413315,-0.00782872298828052
"560",560,0.00576337661654702,-0.00782872298828052
"561",561,0.0111178400972367,-0.00782872298828052
"562",562,-0.00165049589517707,-0.00782872298828052
"563",563,-0.00123861408897019,-0.00782872298828052
"564",564,0.0061752584227539,-0.00782872298828052
"565",565,0.0086465492599952,-0.00782872298828052
"566",566,0.0115297219034436,-0.00782872298828052
"567",567,-0.00782872298828052,-0.00782872298828052
"568",568,0.00782278564758154,-0.00782872298828052
"569",569,0.0102940764848229,-0.00782872298828052
"570",570,0.00411584939171949,-0.00782872298828052
"571",571,-2.96867034954573e-06,-0.00782872298828052
"572",572,-0.0181257681434529,-0.00782872298828052
"573",573,0.00782278564758154,-0.00782872298828052
"574",574,-0.00824060479448752,-0.00782872298828052
"575",575,0.00741090384137455,-0.00782872298828052
"576",576,-0.00824060479448752,-0.00782872298828052
"577",577,-0.00576931395724611,-0.00782872298828052
"578",578,0.0012326767482711,-0.00782872298828052
"579",579,-0.00370990492621159,-0.00782872298828052
"580",580,0.00246832216689186,-0.00782872298828052
"581",581,-2.96867034954573e-06,-0.00782872298828052
"582",582,0.00452773119792638,-0.00782872298828052
"583",583,-0.000414850476556428,-0.00782872298828052
"584",584,0.00988219467861606,-0.00782872298828052
"585",585,0.00205644036068497,-0.00782872298828052
"586",586,-0.000414850476556428,-0.00782872298828052
"587",587,-0.00865248660069429,-0.00782872298828052
"588",588,-0.00865248660069429,-0.00782872298828052
"589",589,0.0119416037096505,-0.00782872298828052
"590",590,0.00535149481034014,-0.00782872298828052
"591",591,-0.0123594228565563,-0.00782872298828052
"592",592,-0.00494555034483224,-0.00782872298828052
"593",593,-0.0226564680117288,-0.00782872298828052
"594",594,-0.00535743215103912,-0.00782872298828052
"595",595,0.00576337661654702,-0.00782872298828052
"596",596,-0.00576931395724611,-0.00782872298828052
"597",597,-0.00206237770138396,-0.00782872298828052
"598",598,0.0107059582910297,-0.00782872298828052
"599",599,-0.00535743215103912,-0.00782872298828052
"600",600,-0.00165049589517707,-0.00782872298828052
"601",601,0.0107059582910297,-0.00782872298828052
"602",602,0.00329208577930562,-0.00782872298828052
"603",603,-0.00988813201931504,-0.00782872298828052
"604",604,0.000408913135857447,-0.00782872298828052
"605",605,0.000820794942064329,-0.00782872298828052
"606",606,-0.00370990492621159,-0.00782872298828052
"607",607,0.00452773119792638,-0.00782872298828052
"608",608,0.00246832216689186,-0.00782872298828052
"609",609,0.0111178400972367,-0.00782872298828052
"610",610,-0.000414850476556428,-0.00782872298828052
"611",611,0.00576337661654702,-0.00782872298828052
"612",612,-0.00535743215103912,-0.00782872298828052
"613",613,-0.00700495937586676,-0.00782872298828052
"614",614,0.00329208577930562,-0.00782872298828052
"615",615,-0.000826732282763309,-0.00782872298828052
"616",616,0.0115297219034436,-0.00782872298828052
"617",617,-0.00453366853862547,-0.00782872298828052
"618",618,0.00905843106620219,-0.00782872298828052
"619",619,0.00576337661654702,-0.00782872298828052
"620",620,-0.0185376499496598,-0.00782872298828052
"621",621,-0.00453366853862547,-0.00782872298828052
"622",622,-0.00576931395724611,-0.00782872298828052
"623",623,-0.0160663591124185,-0.00782872298828052
"624",624,-0.00494555034483224,-0.00782872298828052
"625",625,0.0185317126089608,-0.00782872298828052
"626",626,0.0131772491282711,-0.00782872298828052
"627",627,-0.00165049589517707,-0.00782872298828052
"628",628,0.017707948996547,-0.00782872298828052
"629",629,0.0061752584227539,-0.00782872298828052
"630",630,0.0160604217717195,-0.00782872298828052
"631",631,0.000820794942064329,-0.00782872298828052
"632",632,0.00452773119792638,-0.00782872298828052
"633",633,-0.00741684118207364,-0.00782872298828052
"634",634,0.0135891309344781,-0.00782872298828052
"635",635,-0.00288614131379772,-0.00782872298828052
"636",636,0.00288020397309874,-0.00782872298828052
"637",637,0.0012326767482711,-0.00782872298828052
"638",638,-0.00576931395724611,-0.00782872298828052
"639",639,-0.00782872298828052,-0.00782872298828052
"640",640,-0.0107118956317288,-0.00782872298828052
"641",641,0.0065871402289609,-0.00782872298828052
"642",642,0.0119416037096505,-0.00782872298828052
"643",643,0.00452773119792638,-0.00782872298828052
"644",644,0.00782278564758154,-0.00782872298828052
"645",645,-0.0123594228565563,-0.00782872298828052
"646",646,-0.000826732282763309,-0.00782872298828052
"647",647,-0.0210089407869012,-0.00782872298828052
"648",648,0.014001012740685,-0.00782872298828052
"649",649,-0.0205970589806943,-0.00782872298828052
"650",650,-0.0032980231200046,-0.00782872298828052
"651",651,-0.00494555034483224,-0.00782872298828052
"652",652,-0.000826732282763309,-0.00782872298828052
"653",653,-0.00659307756965988,-0.00782872298828052
"654",654,0.00164455855447809,-0.00782872298828052
"655",655,0.0135891309344781,-0.00782872298828052
"656",656,0.00699902203516767,-0.00782872298828052
"657",657,0.0037039675855125,-0.00782872298828052
"658",658,0.00823466745378842,-0.00782872298828052
"659",659,-0.00865248660069429,-0.00782872298828052
"660",660,0.0065871402289609,-0.00782872298828052
"661",661,0.00493961300413315,-0.00782872298828052
"662",662,0.00493961300413315,-0.00782872298828052
"663",663,-0.000414850476556428,-0.00782872298828052
"664",664,-0.0123594228565563,-0.00782872298828052
"665",665,-0.00206237770138396,-0.00782872298828052
"666",666,0.00741090384137455,-0.00782872298828052
"667",667,0.000408913135857447,-0.00782872298828052
"668",668,0.00535149481034014,-0.00782872298828052
"669",669,0.00576337661654702,-0.00782872298828052
"670",670,0.00905843106620219,-0.00782872298828052
"671",671,0.000820794942064329,-0.00782872298828052
"672",672,0.00576337661654702,-0.00782872298828052
"673",673,-0.00288614131379772,-0.00782872298828052
"674",674,-0.0107118956317288,-0.00782872298828052
"675",675,0.017707948996547,-0.00782872298828052
"676",676,-0.0032980231200046,-0.00782872298828052
"677",677,-0.00576931395724611,-0.00782872298828052
"678",678,-0.00288614131379772,-0.00782872298828052
"679",679,-0.0107118956317288,-0.00782872298828052
"680",680,0.00288020397309874,-0.00782872298828052
"681",681,-0.0127713046627632,-0.00782872298828052
"682",682,-0.00453366853862547,-0.00782872298828052
"683",683,0.00905843106620219,-0.00782872298828052
"684",684,-0.0131831864689702,-0.00782872298828052
"685",685,-2.96867034954573e-06,-0.00782872298828052
"686",686,-0.00206237770138396,-0.00782872298828052
"687",687,0.0086465492599952,-0.00782872298828052
"688",688,0.0148247763530988,-0.00782872298828052
"689",689,-0.00123861408897019,-0.00782872298828052
"690",690,0.0065871402289609,-0.00782872298828052
"691",691,0.0037039675855125,-0.00782872298828052
"692",692,0.00947031287240907,-0.00782872298828052
"693",693,0.00164455855447809,-0.00782872298828052
"694",694,-0.00165049589517707,-0.00782872298828052
"695",695,-0.006181195763453,-0.00782872298828052
"696",696,-0.0160663591124185,-0.00782872298828052
"697",697,0.0065871402289609,-0.00782872298828052
"698",698,-0.0201851771744874,-0.00782872298828052
"699",699,-0.00947625021310816,-0.00782872298828052
"700",700,0.0263574669268918,-0.00782872298828052
"701",701,-0.0251277588489702,-0.00782872298828052
"702",702,-0.0103000138255219,-0.00782872298828052
"703",703,0.00164455855447809,-0.00782872298828052
"704",704,-0.00576931395724611,-0.00782872298828052
"705",705,0.0119416037096505,-0.00782872298828052
"706",706,-0.00165049589517707,-0.00782872298828052
"707",707,0.00411584939171949,-0.00782872298828052
"708",708,-0.00370990492621159,-0.00782872298828052
"709",709,0.00452773119792638,-0.00782872298828052
"710",710,-0.000414850476556428,-0.00782872298828052
"711",711,-0.0193614135620737,-0.00782872298828052
"712",712,0.00164455855447809,-0.00782872298828052
"713",713,0.0111178400972367,-0.00782872298828052
"714",714,-0.0144188318875909,-0.00782872298828052
"715",715,0.0123534855158575,-0.00782872298828052
"716",716,0.00329208577930562,-0.00782872298828052
"717",717,0.000820794942064329,-0.00782872298828052
"718",718,0.0123534855158575,-0.00782872298828052
"719",719,0.0065871402289609,-0.00782872298828052
"720",720,-0.00700495937586676,-0.00782872298828052
"721",721,-0.00288614131379772,-0.00782872298828052
"722",722,0.00164455855447809,-0.00782872298828052
"723",723,-0.000414850476556428,-0.00782872298828052
"724",724,0.00782278564758154,-0.00782872298828052
"725",725,-0.000414850476556428,-0.00782872298828052
"726",726,0.00288020397309874,-0.00782872298828052
"727",727,0.00535149481034014,-0.00782872298828052
"728",728,-0.00700495937586676,-0.00782872298828052
"729",729,0.00205644036068497,-0.00782872298828052
"730",730,-0.0226564680117288,-0.00782872298828052
"731",731,-0.00659307756965988,-0.00782872298828052
"732",732,-0.0164782409186253,-0.00782872298828052
"733",733,-0.00123861408897019,-0.00782872298828052
"734",734,-0.0131831864689702,-0.00782872298828052
"735",735,0.0111178400972367,-0.00782872298828052
"736",736,0.00205644036068497,-0.00782872298828052
"737",737,-0.0234802316241426,-0.00782872298828052
"738",738,-0.006181195763453,-0.00782872298828052
"739",739,-0.00494555034483224,-0.00782872298828052
"740",740,0.00741090384137455,-0.00782872298828052
"741",741,0.00246832216689186,-0.00782872298828052
"742",742,-0.00741684118207364,-0.00782872298828052
"743",743,-0.00906436840690117,-0.00782872298828052
"744",744,-0.00206237770138396,-0.00782872298828052
"745",745,0.00329208577930562,-0.00782872298828052
"746",746,-0.00782872298828052,-0.00782872298828052
"747",747,0.00741090384137455,-0.00782872298828052
"748",748,0.0012326767482711,-0.00782872298828052
"749",749,-0.00947625021310816,-0.00782872298828052
"750",750,0.0127653673220642,-0.00782872298828052
"751",751,0.00205644036068497,-0.00782872298828052
"752",752,-0.00947625021310816,-0.00782872298828052
"753",753,0.0115297219034436,-0.00782872298828052
"754",754,0.0012326767482711,-0.00782872298828052
"755",755,-0.0131831864689702,-0.00782872298828052
"756",756,0.014001012740685,-0.00782872298828052
"757",757,0.017707948996547,-0.00782872298828052
"758",758,0.0168841853841332,-0.00782872298828052
"759",759,-0.0119475410503496,-0.00782872298828052
"760",760,-0.00206237770138396,-0.00782872298828052
"761",761,0.00246832216689186,-0.00782872298828052
"762",762,-0.00741684118207364,-0.00782872298828052
"763",763,-0.0111237774379357,-0.00782872298828052
"764",764,0.00164455855447809,-0.00782872298828052
"765",765,0.0135891309344781,-0.00782872298828052
"766",766,0.0061752584227539,-0.00782872298828052
"767",767,0.00947031287240907,-0.00782872298828052
"768",768,0.0061752584227539,-0.00782872298828052
"769",769,-0.00865248660069429,-0.00782872298828052
"770",770,0.00576337661654702,-0.00782872298828052
"771",771,-0.00123861408897019,-0.00782872298828052
"772",772,-0.00370990492621159,-0.00782872298828052
"773",773,-0.00659307756965988,-0.00782872298828052
"774",774,-0.0267752860737978,-0.00782872298828052
"775",775,-0.0127713046627632,-0.00782872298828052
"776",776,-0.00535743215103912,-0.00782872298828052
"777",777,-0.00453366853862547,-0.00782872298828052
"778",778,0.0111178400972367,-0.00782872298828052
"779",779,-0.00576931395724611,-0.00782872298828052
"780",780,-0.0115356592441426,-0.00782872298828052
"781",781,0.00988219467861606,-0.00782872298828052
"782",782,-0.00288614131379772,-0.00782872298828052
"783",783,0.0168841853841332,-0.00782872298828052
"784",784,0.00782278564758154,-0.00782872298828052
"785",785,0.0012326767482711,-0.00782872298828052
"786",786,-0.00535743215103912,-0.00782872298828052
"787",787,0.000408913135857447,-0.00782872298828052
"788",788,-0.00700495937586676,-0.00782872298828052
"789",789,-0.00865248660069429,-0.00782872298828052
"790",790,-0.0193614135620737,-0.00782872298828052
"791",791,0.0065871402289609,-0.00782872298828052
"792",792,-0.0201851771744874,-0.00782872298828052
"793",793,0.00823466745378842,-0.00782872298828052
"794",794,-0.00906436840690117,-0.00782872298828052
"795",795,0.0115297219034436,-0.00782872298828052
"796",796,0.0065871402289609,-0.00782872298828052
"797",797,-0.00659307756965988,-0.00782872298828052
"798",798,0.0086465492599952,-0.00782872298828052
"799",799,0.0065871402289609,-0.00782872298828052
"800",800,0.000820794942064329,-0.00782872298828052
"801",801,-0.0127713046627632,-0.00782872298828052
"802",802,0.00164455855447809,-0.00782872298828052
"803",803,-0.000826732282763309,-0.00782872298828052
"804",804,0.000820794942064329,-0.00782872298828052
"805",805,-0.0181257681434529,-0.00782872298828052
"806",806,0.00823466745378842,-0.00782872298828052
"807",807,0.0181198308027538,-0.00782872298828052
"808",808,0.00329208577930562,-0.00782872298828052
"809",809,0.0119416037096505,-0.00782872298828052
"810",810,-0.00865248660069429,-0.00782872298828052
"811",811,0.000820794942064329,-0.00782872298828052
"812",812,0.021826767058616,-0.00782872298828052
"813",813,0.0193554762213746,-0.00782872298828052
"814",814,-0.0168901227248323,-0.00782872298828052
"815",815,0.0065871402289609,-0.00782872298828052
"816",816,-0.00947625021310816,-0.00782872298828052
"817",817,0.0107059582910297,-0.00782872298828052
"818",818,-0.0032980231200046,-0.00782872298828052
"819",819,0.00823466745378842,-0.00782872298828052
"820",820,-0.00782872298828052,-0.00782872298828052
"821",821,0.0135891309344781,-0.00782872298828052
"822",822,0.00329208577930562,-0.00782872298828052
"823",823,0.0148247763530988,-0.00782872298828052
"824",824,0.0061752584227539,-0.00782872298828052
"825",825,0.00947031287240907,-0.00782872298828052
"826",826,0.00699902203516767,-0.00782872298828052
"827",827,-0.0119475410503496,-0.00782872298828052
"828",828,0.00493961300413315,-0.00782872298828052
"829",829,0.0144128945468918,-0.00782872298828052
"830",830,-0.00947625021310816,-0.00782872298828052
"831",831,-0.00247425950759095,-0.00782872298828052
"832",832,-2.96867034954573e-06,-0.00782872298828052
"833",833,0.000408913135857447,-0.00782872298828052
"834",834,-0.021832704399315,-0.00782872298828052
"835",835,-0.0144188318875909,-0.00782872298828052
"836",836,0.00493961300413315,-0.00782872298828052
"837",837,-0.00412178673241848,-0.00782872298828052
"838",838,-0.0177138863372461,-0.00782872298828052
"839",839,0.0131772491282711,-0.00782872298828052
"840",840,0.00535149481034014,-0.00782872298828052
"841",841,0.00164455855447809,-0.00782872298828052
"842",842,0.00535149481034014,-0.00782872298828052
"843",843,0.00205644036068497,-0.00782872298828052
"844",844,0.00782278564758154,-0.00782872298828052
"845",845,-0.00370990492621159,-0.00782872298828052
"846",846,0.0086465492599952,-0.00782872298828052
"847",847,0.00493961300413315,-0.00782872298828052
"848",848,-0.0107118956317288,-0.00782872298828052
"849",849,-0.00824060479448752,-0.00782872298828052
"850",850,0.00576337661654702,-0.00782872298828052
"851",851,-0.0156544773062116,-0.00782872298828052
"852",852,-0.0197732953682805,-0.00782872298828052
"853",853,0.0037039675855125,-0.00782872298828052
"854",854,0.0152366581593056,-0.00782872298828052
"855",855,0.0152366581593056,-0.00782872298828052
"856",856,0.00905843106620219,-0.00782872298828052
"857",857,0.0037039675855125,-0.00782872298828052
"858",858,0.00699902203516767,-0.00782872298828052
"859",859,-0.00288614131379772,-0.00782872298828052
"860",860,0.0144128945468918,-0.00782872298828052
"861",861,0.0111178400972367,-0.00782872298828052
"862",862,0.0037039675855125,-0.00782872298828052
"863",863,-0.00494555034483224,-0.00782872298828052
"864",864,-0.00247425950759095,-0.00782872298828052
"865",865,-0.00165049589517707,-0.00782872298828052
"866",866,-0.00906436840690117,-0.00782872298828052
"867",867,0.00164455855447809,-0.00782872298828052
"868",868,0.0172960671903402,-0.00782872298828052
"869",869,-0.00865248660069429,-0.00782872298828052
"870",870,0.0172960671903402,-0.00782872298828052
"871",871,0.0214148852524091,-0.00782872298828052
"872",872,0.021826767058616,-0.00782872298828052
"873",873,0.0181198308027538,-0.00782872298828052
"874",874,-0.00453366853862547,-0.00782872298828052
"875",875,0.00988219467861606,-0.00782872298828052
"876",876,0.00576337661654702,-0.00782872298828052
"877",877,0.0086465492599952,-0.00782872298828052
"878",878,0.00329208577930562,-0.00782872298828052
"879",879,0.014001012740685,-0.00782872298828052
"880",880,-0.0107118956317288,-0.00782872298828052
"881",881,-0.000826732282763309,-0.00782872298828052
"882",882,0.00699902203516767,-0.00782872298828052
"883",883,0.00411584939171949,-0.00782872298828052
"884",884,0.00823466745378842,-0.00782872298828052
"885",885,-0.0152425955000046,-0.00782872298828052
"886",886,0.0111178400972367,-0.00782872298828052
"887",887,0.00988219467861606,-0.00782872298828052
"888",888,0.0061752584227539,-0.00782872298828052
"889",889,0.0127653673220642,-0.00782872298828052
"890",890,-0.000414850476556428,-0.00782872298828052
"891",891,-0.0144188318875909,-0.00782872298828052
"892",892,0.00535149481034014,-0.00782872298828052
"893",893,-0.00700495937586676,-0.00782872298828052
"894",894,-0.00906436840690117,-0.00782872298828052
"895",895,-0.00412178673241848,-0.00782872298828052
"896",896,0.0065871402289609,-0.00782872298828052
"897",897,0.00493961300413315,-0.00782872298828052
"898",898,0.0061752584227539,-0.00782872298828052
"899",899,-0.0032980231200046,-0.00782872298828052
"900",900,0.00947031287240907,-0.00782872298828052
"901",901,-0.0123594228565563,-0.00782872298828052
"902",902,0.00905843106620219,-0.00782872298828052
"903",903,-0.00206237770138396,-0.00782872298828052
"904",904,0.00576337661654702,-0.00782872298828052
"905",905,0.00823466745378842,-0.00782872298828052
"906",906,-0.0152425955000046,-0.00782872298828052
"907",907,0.000820794942064329,-0.00782872298828052
"908",908,0.00947031287240907,-0.00782872298828052
"909",909,-0.00906436840690117,-0.00782872298828052
"910",910,0.0037039675855125,-0.00782872298828052
"911",911,-0.000414850476556428,-0.00782872298828052
"912",912,0.000408913135857447,-0.00782872298828052
"913",913,-0.0148307136937977,-0.00782872298828052
"914",914,0.0127653673220642,-0.00782872298828052
"915",915,-0.00247425950759095,-0.00782872298828052
"916",916,-0.00947625021310816,-0.00782872298828052
"917",917,0.00329208577930562,-0.00782872298828052
"918",918,0.0107059582910297,-0.00782872298828052
"919",919,0.0115297219034436,-0.00782872298828052
"920",920,-0.00782872298828052,-0.00782872298828052
"921",921,0.0168841853841332,-0.00782872298828052
"922",922,-0.0201851771744874,-0.00782872298828052
"923",923,-0.00659307756965988,-0.00782872298828052
"924",924,-0.00824060479448752,-0.00782872298828052
"925",925,0.00452773119792638,-0.00782872298828052
"926",926,-0.00247425950759095,-0.00782872298828052
"927",927,-0.00576931395724611,-0.00782872298828052
"928",928,-0.00165049589517707,-0.00782872298828052
"929",929,-0.00700495937586676,-0.00782872298828052
"930",930,0.00947031287240907,-0.00782872298828052
"931",931,0.00741090384137455,-0.00782872298828052
"932",932,0.00164455855447809,-0.00782872298828052
"933",933,-0.0148307136937977,-0.00782872298828052
"934",934,0.0012326767482711,-0.00782872298828052
"935",935,0.00947031287240907,-0.00782872298828052
"936",936,-0.00165049589517707,-0.00782872298828052
"937",937,-0.0103000138255219,-0.00782872298828052
"938",938,0.00988219467861606,-0.00782872298828052
"939",939,0.000820794942064329,-0.00782872298828052
"940",940,-0.006181195763453,-0.00782872298828052
"941",941,-0.00535743215103912,-0.00782872298828052
"942",942,0.000820794942064329,-0.00782872298828052
"943",943,-0.00165049589517707,-0.00782872298828052
"944",944,-0.0164782409186253,-0.00782872298828052
"945",945,0.0172960671903402,-0.00782872298828052
"946",946,0.00741090384137455,-0.00782872298828052
"947",947,0.0012326767482711,-0.00782872298828052
"948",948,-0.000414850476556428,-0.00782872298828052
"949",949,0.0037039675855125,-0.00782872298828052
"950",950,-0.000414850476556428,-0.00782872298828052
"951",951,0.00411584939171949,-0.00782872298828052
"952",952,-0.00247425950759095,-0.00782872298828052
"953",953,-0.0152425955000046,-0.00782872298828052
"954",954,0.00905843106620219,-0.00782872298828052
"955",955,0.00205644036068497,-0.00782872298828052
"956",956,0.00288020397309874,-0.00782872298828052
"957",957,0.00329208577930562,-0.00782872298828052
"958",958,0.0065871402289609,-0.00782872298828052
"959",959,-0.00576931395724611,-0.00782872298828052
"960",960,0.00823466745378842,-0.00782872298828052
"961",961,0.0061752584227539,-0.00782872298828052
"962",962,0.00699902203516767,-0.00782872298828052
"963",963,-0.00288614131379772,-0.00782872298828052
"964",964,0.0107059582910297,-0.00782872298828052
"965",965,0.0086465492599952,-0.00782872298828052
"966",966,0.0152366581593056,-0.00782872298828052
"967",967,-0.00824060479448752,-0.00782872298828052
"968",968,-0.00906436840690117,-0.00782872298828052
"969",969,-0.00370990492621159,-0.00782872298828052
"970",970,0.0086465492599952,-0.00782872298828052
"971",971,0.0131772491282711,-0.00782872298828052
"972",972,-0.00288614131379772,-0.00782872298828052
"973",973,-0.0032980231200046,-0.00782872298828052
"974",974,-0.00247425950759095,-0.00782872298828052
"975",975,-0.00165049589517707,-0.00782872298828052
"976",976,-0.0181257681434529,-0.00782872298828052
"977",977,0.0061752584227539,-0.00782872298828052
"978",978,0.0111178400972367,-0.00782872298828052
"979",979,0.0086465492599952,-0.00782872298828052
"980",980,0.00329208577930562,-0.00782872298828052
"981",981,0.000820794942064329,-0.00782872298828052
"982",982,-0.0111237774379357,-0.00782872298828052
"983",983,-0.00535743215103912,-0.00782872298828052
"984",984,-0.000414850476556428,-0.00782872298828052
"985",985,0.0065871402289609,-0.00782872298828052
"986",986,-0.0115356592441426,-0.00782872298828052
"987",987,-0.0160663591124185,-0.00782872298828052
"988",988,-0.0148307136937977,-0.00782872298828052
"989",989,-0.00494555034483224,-0.00782872298828052
"990",990,0.00699902203516767,-0.00782872298828052
"991",991,0.00741090384137455,-0.00782872298828052
"992",992,-0.0189495317558668,-0.00782872298828052
"993",993,-0.00906436840690117,-0.00782872298828052
"994",994,0.00535149481034014,-0.00782872298828052
"995",995,0.00823466745378842,-0.00782872298828052
"996",996,-0.00906436840690117,-0.00782872298828052
"997",997,0.00411584939171949,-0.00782872298828052
"998",998,0.0061752584227539,-0.00782872298828052
"999",999,-0.00412178673241848,-0.00782872298828052
"1000",1000,0.0135891309344781,-0.00782872298828052